Start Decoding ...
0000000000000000000000000000000000000000000000010011000010000011
0000000000000000000000000000000000000000000000000000000000001100
0000000000000000000000000000000000000000000000000000000000000010
0000000000000000000000000000000000000000000000000000000010100110
0000000000000000000000000000000000000000000000000000000100000000
0000000000000000000000000000000000000000000000000000000110110011
0000000000000000000000000000000000000000000000000000001000000000
0000000000000000000000000000000000000000000000000000001010000000
0000000000000000000000000000000000000000000000000000001100000000
0000000000000000000000000000000000000000000000000000001110000000
0000000000000000000000000000000000000000000000000000010000000000
0000000000000000000000000000000000000000000000000000010010000000
0000000000000000000000000000000000000000000000000000000000001100
0000000000000000000000000000000000000000000000000000000101000000
0000000000000000000000000000000000000000000000000000000110000000
0000000000000000000000000000000000000000000000000000001000000000
0000000000000000000000000000000000000000000000000000001010000000
0000000000000000000000000000000000000000000000000000001100000000
0000000000000000000000000000000000000000000000000000000000001100
0000000000000000000000000000000000000000000000000000000100000000
0000000000000000000000000000000000000000000000000000001001000000
0000000000000000000000000000000000000000000000000000000010000000
0000000000000000000000000000000000000000000000000000000100000000
0000000000000000000000000000000000000000000000000000000110100110
0000000000000000000000000000000000000000000000000000000100001100
0000000000000000000000000000000000000000000000000000000100100110
0000000000000000000000000000000000000000000000000000001100110011
0000000000000000000000000000000000000000000000000000000110100110
0000000000000000000000000000000000000000000000000000010100000000
